27
AQUIFEX_01761                  0.0000000 0.5074569 0.3131674 0.5134852 0.4972776 0.5026061 0.4896890 0.4896890 0.4803003 0.4972776 0.5134852 0.5074569 0.3131674 0.8204882 0.5042843 0.5280020 0.4751365 0.4824922 1.4340789 1.0263794 2.3030294 0.0000010 1.4519972 1.4201337 0.5503836 0.9949407 0.3366626 
sp|P00456|NIFH1_CLOPA          0.5074569 0.0000000 0.4861330 0.0074455 0.0873768 0.0913803 0.0660574 0.0660574 0.0775101 0.0873768 0.0074455 0.0000010 0.4861330 0.7303065 0.5254809 0.5648524 0.3887045 0.3946391 1.4404709 0.8651970 2.2150646 0.5074569 1.3788732 1.3887995 0.4718430 0.8660459 0.4874348 
sp|P09553|NIFH3_CLOPA          0.3131674 0.4861330 0.0000000 0.4809310 0.4736919 0.4788934 0.4816927 0.4816927 0.4752153 0.4736919 0.4809310 0.4861330 0.0000010 0.7757300 0.5366641 0.5659712 0.5139455 0.5217749 1.5379564 1.0463750 2.3406266 0.3131674 1.4449863 1.4685673 0.5271637 0.9296990 0.2256959 
sp|P09554|NIFH5_CLOPA          0.5134852 0.0074455 0.4809310 0.0000000 0.0874018 0.0914064 0.0661209 0.0661209 0.0696434 0.0874018 0.0000010 0.0074455 0.4809310 0.7368881 0.5256604 0.5650470 0.3887045 0.3946391 1.4279685 0.8726148 2.2319950 0.5134852 1.3858780 1.3838526 0.4747543 0.8612709 0.4822014 
sp|P09555|NIFH6_CLOPA          0.4972776 0.0873768 0.4736919 0.0874018 0.0000000 0.0037249 0.0863117 0.0863117 0.0951726 0.0000010 0.0874018 0.0873768 0.4736919 0.7121497 0.4877885 0.5320231 0.3396922 0.3447516 1.3778358 0.8597665 2.2595749 0.4972776 1.3862264 1.4053771 0.4524558 0.8530936 0.4908686 
sp|P09552|NIFH2_CLOPA          0.5026061 0.0913803 0.4788934 0.0914064 0.0037249 0.0000000 0.0902707 0.0902707 0.0991711 0.0037249 0.0914064 0.0913803 0.4788934 0.7184967 0.4932352 0.5376077 0.3396922 0.3447516 1.3880383 0.8670119 2.2812314 0.5026061 1.3963703 1.4160514 0.4577584 0.8602446 0.4961738 
sp|P22548|NIFH4_CLOPA          0.4896890 0.0660574 0.4816927 0.0661209 0.0863117 0.0902707 0.0000000 0.0000010 0.0539235 0.0863117 0.0661209 0.0660574 0.4816927 0.6922509 0.5131803 0.5459137 0.3735294 0.3792092 1.4083574 0.8544768 2.3005206 0.4896890 1.4146554 1.4142607 0.4957842 0.8510674 0.4730513 
tr|A0A1D9N7I5|A0A1D9N7I5_CLOPA 0.4896890 0.0660574 0.4816927 0.0661209 0.0863117 0.0902707 0.0000010 0.0000000 0.0539235 0.0863117 0.0661209 0.0660574 0.4816927 0.6922509 0.5131803 0.5459137 0.3735294 0.3792092 1.4083574 0.8544768 2.3005206 0.4896890 1.4146554 1.4142607 0.4957842 0.8510674 0.4730513 
tr|A0A1D9N1X3|A0A1D9N1X3_CLOPA 0.4803003 0.0775101 0.4752153 0.0696434 0.0951726 0.0991711 0.0539235 0.0539235 0.0000000 0.0951726 0.0696434 0.0775101 0.4752153 0.7155414 0.5240283 0.5713220 0.3937352 0.3998047 1.4112524 0.8581196 2.2992183 0.4803003 1.4151973 1.4174550 0.5000446 0.8730080 0.4562346 
tr|A0A1D9N2X1|A0A1D9N2X1_CLOPA 0.4972776 0.0873768 0.4736919 0.0874018 0.0000010 0.0037249 0.0863117 0.0863117 0.0951726 0.0000000 0.0874018 0.0873768 0.4736919 0.7121497 0.4877885 0.5320231 0.3396922 0.3447516 1.3778358 0.8597665 2.2595749 0.4972776 1.3862264 1.4053771 0.4524558 0.8530936 0.4908686 
tr|A0A1D9N1N2|A0A1D9N1N2_CLOPA 0.5134852 0.0074455 0.4809310 0.0000010 0.0874018 0.0914064 0.0661209 0.0661209 0.0696434 0.0874018 0.0000000 0.0074455 0.4809310 0.7368881 0.5256604 0.5650470 0.3887045 0.3946391 1.4279685 0.8726148 2.2319950 0.5134852 1.3858780 1.3838526 0.4747543 0.8612709 0.4822014 
tr|A0A1D9N1X8|A0A1D9N1X8_CLOPA 0.5074569 0.0000010 0.4861330 0.0074455 0.0873768 0.0913803 0.0660574 0.0660574 0.0775101 0.0873768 0.0074455 0.0000000 0.4861330 0.7303065 0.5254809 0.5648524 0.3887045 0.3946391 1.4404709 0.8651970 2.2150646 0.5074569 1.3788732 1.3887995 0.4718430 0.8660459 0.4874348 
tr|A0A1D9N950|A0A1D9N950_CLOPA 0.3131674 0.4861330 0.0000010 0.4809310 0.4736919 0.4788934 0.4816927 0.4816927 0.4752153 0.4736919 0.4809310 0.4861330 0.0000000 0.7757300 0.5366641 0.5659712 0.5139455 0.5217749 1.5379564 1.0463750 2.3406266 0.3131674 1.4449863 1.4685673 0.5271637 0.9296990 0.2256959 
tr|D7DT99|D7DT99_METV3         0.8204882 0.7303065 0.7757300 0.7368881 0.7121497 0.7184967 0.6922509 0.6922509 0.7155414 0.7121497 0.7368881 0.7303065 0.7757300 0.0000000 0.8550485 0.8348711 0.7441924 0.7569221 1.2660925 0.7447390 2.3543811 0.8204882 1.4912289 1.2480001 0.8991735 0.9836379 0.8128283 
sp|P00457|NIFH1_NOSS1          0.5042843 0.5254809 0.5366641 0.5256604 0.4877885 0.4932352 0.5131803 0.5131803 0.5240283 0.4877885 0.5256604 0.5254809 0.5366641 0.8550485 0.0000000 0.1597752 0.0204476 0.0206781 1.5899128 1.0709657 2.4670668 0.5042843 1.6059455 1.5967233 0.4013197 1.0329834 0.5370491 
sp|O30577|NIFH2_NOSS1          0.5280020 0.5648524 0.5659712 0.5650470 0.5320231 0.5376077 0.5459137 0.5459137 0.5713220 0.5320231 0.5650470 0.5648524 0.5659712 0.8348711 0.1597752 0.0000000 0.0527581 0.0533725 1.5704777 1.0869528 2.4060205 0.5280020 1.5874283 1.5896357 0.3475004 1.0115428 0.5665408 
tr|G3FD00|G3FD00_NOSS1         0.4751365 0.3887045 0.5139455 0.3887045 0.3396922 0.3396922 0.3735294 0.3735294 0.3937352 0.3396922 0.3887045 0.3887045 0.5139455 0.7441924 0.0204476 0.0527581 0.0000000 0.0000010 1.4344076 0.7532515 2.9216034 0.4751365 1.2849249 1.3872859 0.2677884 0.8313382 0.5102971 
tr|H7BT35|H7BT35_NOSS1         0.4824922 0.3946391 0.5217749 0.3946391 0.3447516 0.3447516 0.3792092 0.3792092 0.3998047 0.3447516 0.3946391 0.3946391 0.5217749 0.7569221 0.0206781 0.0533725 0.0000010 0.0000000 1.4664016 0.7667760 2.9595213 0.4824922 1.2868507 1.3908492 0.2713728 0.8471105 0.5182244 
sp|Q8YM62|CHLL_NOSS1           1.4340789 1.4404709 1.5379564 1.4279685 1.3778358 1.3880383 1.4083574 1.4083574 1.4112524 1.3778358 1.4279685 1.4404709 1.5379564 1.2660925 1.5899128 1.5704777 1.4344076 1.4664016 0.0000000 1.1944237 2.5679517 1.4340789 1.6698430 0.7051899 1.5741886 1.3217953 1.5190326 
tr|Q6M0X1|Q6M0X1_METMP         1.0263794 0.8651970 1.0463750 0.8726148 0.8597665 0.8670119 0.8544768 0.8544768 0.8581196 0.8597665 0.8726148 0.8651970 1.0463750 0.7447390 1.0709657 1.0869528 0.7532515 0.7667760 1.1944237 0.0000000 2.1690996 1.0263794 1.5687424 1.3449075 1.0596766 1.0051930 1.0492909 
tr|Q6LY48|Q6LY48_METMP         2.3030294 2.2150646 2.3406266 2.2319950 2.2595749 2.2812314 2.3005206 2.3005206 2.2992183 2.2595749 2.2319950 2.2150646 2.3406266 2.3543811 2.4670668 2.4060205 2.9216034 2.9595213 2.5679517 2.1690996 0.0000000 2.3030294 2.4173341 2.4736144 2.2482572 2.3356206 2.3625820 
sp|P0CW57|NIFH_METMP           0.0000010 0.5074569 0.3131674 0.5134852 0.4972776 0.5026061 0.4896890 0.4896890 0.4803003 0.4972776 0.5134852 0.5074569 0.3131674 0.8204882 0.5042843 0.5280020 0.4751365 0.4824922 1.4340789 1.0263794 2.3030294 0.0000000 1.4519972 1.4201337 0.5503836 0.9949407 0.3366626 
sp|P26177|BCHX_RHOCB           1.4519972 1.3788732 1.4449863 1.3858780 1.3862264 1.3963703 1.4146554 1.4146554 1.4151973 1.3862264 1.3858780 1.3788732 1.4449863 1.4912289 1.6059455 1.5874283 1.2849249 1.2868507 1.6698430 1.5687424 2.4173341 1.4519972 0.0000000 1.6198585 1.6244212 1.5123495 1.4980549 
sp|D5ANS3|BCHL_RHOCB           1.4201337 1.3887995 1.4685673 1.3838526 1.4053771 1.4160514 1.4142607 1.4142607 1.4174550 1.4053771 1.3838526 1.3887995 1.4685673 1.2480001 1.5967233 1.5896357 1.3872859 1.3908492 0.7051899 1.3449075 2.4736144 1.4201337 1.6198585 0.0000000 1.4559020 1.3461529 1.4881047 
sp|D5ANI3|NIFH1_RHOCB          0.5503836 0.4718430 0.5271637 0.4747543 0.4524558 0.4577584 0.4957842 0.4957842 0.5000446 0.4524558 0.4747543 0.4718430 0.5271637 0.8991735 0.4013197 0.3475004 0.2677884 0.2713728 1.5741886 1.0596766 2.2482572 0.5503836 1.6244212 1.4559020 0.0000000 1.0731620 0.5716497 
tr|D5AKX6|D5AKX6_RHOCB         0.9949407 0.8660459 0.9296990 0.8612709 0.8530936 0.8602446 0.8510674 0.8510674 0.8730080 0.8530936 0.8612709 0.8660459 0.9296990 0.9836379 1.0329834 1.0115428 0.8313382 0.8471105 1.3217953 1.0051930 2.3356206 0.9949407 1.5123495 1.3461529 1.0731620 0.0000000 0.9489449 
tr|D5ANJ6|D5ANJ6_RHOCB         0.3366626 0.4874348 0.2256959 0.4822014 0.4908686 0.4961738 0.4730513 0.4730513 0.4562346 0.4908686 0.4822014 0.4874348 0.2256959 0.8128283 0.5370491 0.5665408 0.5102971 0.5182244 1.5190326 1.0492909 2.3625820 0.3366626 1.4980549 1.4881047 0.5716497 0.9489449 0.0000000 
