35
AQUIFEX_01423                  0.0000000 1.2411060 2.7297216 2.6048989 1.7723601 2.4803185 1.3261352 2.3505162 1.5108408 1.4557560 1.2701190 1.2647952 1.5130752 1.5400054 0.5780795 1.1751934 0.8705106 2.4705571 1.2321720 0.8689278 0.7877217 1.3049134 1.6834416 1.4154292 0.0000010 1.3230832 1.8809759 1.8191570 2.3787722 1.2799831 2.0870061 1.9418992 2.3714599 1.3295288 1.6745593 
tr|A0A1D9N7N0|A0A1D9N7N0_CLOPA 1.2411060 0.0000000 2.6580537 2.6226857 1.7870324 2.3913615 1.3069878 2.4135152 1.5854886 1.7714468 1.4821647 1.5461989 1.6152417 1.6915165 1.3360165 1.4523367 1.3010711 2.6590617 1.5044566 1.3154374 1.0034993 1.5516278 2.1474454 1.5782049 1.2411060 1.6925463 2.1484818 2.0640045 2.5442614 1.5603908 2.1943548 2.3821779 2.4709434 1.6997591 1.8595094 
tr|A0A1D9N929|A0A1D9N929_CLOPA 2.7297216 2.6580537 0.0000000 0.9764781 3.0210146 3.1380860 2.8879205 2.6855465 2.9544430 2.5927143 2.5997215 2.6989704 2.6033195 2.5580215 2.9081665 2.7387176 2.6751993 3.9055263 2.4621640 2.5915919 2.5835202 2.6033970 3.8395189 2.7291203 2.7297216 2.8160090 2.5945911 2.6437053 3.3049302 3.0330302 2.9401519 2.6358621 3.6326088 2.8365192 2.5745574 
tr|A0A1D9N5D3|A0A1D9N5D3_CLOPA 2.6048989 2.6226857 0.9764781 0.0000000 2.6073806 3.0977250 2.6524199 2.5753359 2.6398123 2.6784201 2.4223066 2.5756891 2.6758389 2.6872602 2.4602689 2.4864661 2.5836681 3.6237817 2.4358121 2.4524156 2.5939937 2.5459885 3.1082904 2.6462291 2.6048989 2.7771711 2.5191793 2.4620495 3.0464564 2.5834094 2.9257357 2.5292556 3.3872176 2.7735819 2.6760581 
tr|A0A1D9N3I3|A0A1D9N3I3_CLOPA 1.7723601 1.7870324 3.0210146 2.6073806 0.0000000 2.5277918 1.5956341 2.1965074 1.6974104 1.6627611 1.3832337 1.5023055 1.4766503 1.5427220 1.7363464 1.4876149 1.7866302 2.9015000 1.3994512 1.7171879 1.3366843 1.5811818 2.4909365 1.5874511 1.7723601 1.8049146 2.0976020 1.8278682 1.7377577 1.8234565 2.4160899 2.2951762 2.5967724 1.8265751 1.9347131 
tr|A0A1D9N6U0|A0A1D9N6U0_CLOPA 2.4803185 2.3913615 3.1380860 3.0977250 2.5277918 0.0000000 2.6237103 1.4439266 2.4693956 2.9671481 2.0944873 2.5321279 2.5267783 2.3389475 2.4039952 2.2684992 2.4298546 3.4056523 1.9782520 2.4639160 2.7880893 2.4381295 2.5808378 2.3624441 2.4803185 2.5657716 2.9919777 2.7440723 3.1154201 2.6679685 3.1653410 2.9872433 3.3478507 2.5606387 2.8499789 
tr|A0A1D9N8L1|A0A1D9N8L1_CLOPA 1.3261352 1.3069878 2.8879205 2.6524199 1.5956341 2.6237103 0.0000000 2.5766780 1.4032596 1.6059482 1.4599610 1.3853491 1.6944432 1.6489747 1.3177334 1.5299492 1.2898832 2.7585607 1.4290854 1.2293772 0.9507071 1.4584149 2.4953655 1.6337517 1.3261352 1.7033652 2.1527490 1.8822029 2.4132835 1.6414410 2.1102646 1.9948801 2.3124762 1.6953681 1.7800834 
tr|A0A1D9N7Z8|A0A1D9N7Z8_CLOPA 2.3505162 2.4135152 2.6855465 2.5753359 2.1965074 1.4439266 2.5766780 0.0000000 2.4927249 2.4518859 2.1916507 2.5746392 2.2909223 2.2475970 2.1979823 2.0233867 2.3610973 3.1189496 2.3481271 2.3628829 2.4141844 2.7397368 2.4609807 2.1935038 2.3505162 2.4753839 2.5965204 2.7108585 2.8956463 2.3732250 3.1736396 2.8286342 3.0078459 2.4812076 2.6852904 
tr|A0A1D9MZ79|A0A1D9MZ79_CLOPA 1.5108408 1.5854886 2.9544430 2.6398123 1.6974104 2.4693956 1.4032596 2.4927249 0.0000000 1.9042303 1.5647962 1.4673080 1.8861572 1.5970185 1.5051203 1.6349494 1.3095569 2.9361718 1.4892240 1.2942696 0.9949528 1.5823496 2.3748031 1.8182327 1.5108408 1.9051652 2.3575593 1.7633157 2.5369418 1.9419266 2.1901248 2.3565647 2.6658663 1.9078679 1.8581738 
tr|A0A1D9N167|A0A1D9N167_CLOPA 1.4557560 1.7714468 2.5927143 2.6784201 1.6627611 2.9671481 1.6059482 2.4518859 1.9042303 0.0000000 1.5189111 1.4545294 1.6910800 1.8417195 1.5575607 1.7115440 1.6560071 3.2660360 1.5213038 1.6748158 1.2741298 1.5734462 2.1351297 1.5559634 1.4557560 2.0414983 2.4108785 2.0352769 2.5341916 1.9288409 2.3415472 2.2344931 2.7913829 2.0455513 1.9791159 
tr|A0A497XPD5|A0A497XPD5_9AQUI 1.2701190 1.4821647 2.5997215 2.4223066 1.3832337 2.0944873 1.4599610 2.1916507 1.5647962 1.5189111 0.0000000 0.9751193 1.1045380 1.2882756 1.4027918 1.3693953 1.3313211 2.5461395 0.5234187 1.2742141 0.9610741 0.9811175 2.0364992 1.0325284 1.2701190 1.5936545 1.6701510 1.4021732 1.9539635 1.5609998 1.8055587 1.8130233 2.2860853 1.6035897 1.2821077 
tr|A0A497XWM1|A0A497XWM1_9AQUI 1.2647952 1.5461989 2.6989704 2.5756891 1.5023055 2.5321279 1.3853491 2.5746392 1.4673080 1.4545294 0.9751193 0.0000000 1.2751742 1.4044583 1.4849250 1.4068129 1.3180877 2.5421929 0.8918747 1.2596707 1.2058292 0.4695458 1.8617159 1.1203338 1.2647952 1.5871554 1.7798714 1.3252897 2.1467576 1.6262916 1.8556105 1.4717504 2.1998999 1.5946935 1.2508683 
tr|A0A497XSL5|A0A497XSL5_9AQUI 1.5130752 1.6152417 2.6033195 2.6758389 1.4766503 2.5267783 1.6944432 2.2909223 1.8861572 1.6910800 1.1045380 1.2751742 0.0000000 1.2411838 1.6327611 1.3712752 1.5471264 2.8142812 0.9199697 1.5037287 1.0655251 1.2250455 1.9481543 0.5886652 1.5130752 1.8543905 1.8935459 1.4206357 2.1285783 1.7475259 1.9626834 1.7013388 2.2467865 1.8354317 1.5331211 
tr|A0A497XQY2|A0A497XQY2_9AQUI 1.5400054 1.6915165 2.5580215 2.6872602 1.5427220 2.3389475 1.6489747 2.2475970 1.5970185 1.8417195 1.2882756 1.4044583 1.2411838 0.0000000 1.5741555 1.3760027 1.5783188 2.5238083 1.2883466 1.5926179 1.0174060 1.4315685 1.7356063 1.1588895 1.5400054 1.8116680 1.7272883 1.5531185 2.2699255 1.8227424 1.7671133 1.7949701 2.4990792 1.8046795 1.6028690 
tr|A0A497XW95|A0A497XW95_9AQUI 0.5780795 1.3360165 2.9081665 2.4602689 1.7363464 2.4039952 1.3177334 2.1979823 1.5051203 1.5575607 1.4027918 1.4849250 1.6327611 1.5741555 0.0000000 1.2441679 0.8591684 2.5500874 1.3324833 0.8876947 0.8132954 1.4976833 1.8213863 1.6029865 0.5780795 1.2892896 1.9214878 1.8314494 2.3266185 1.2320348 1.8756183 2.0173549 2.3229855 1.2733843 1.6689750 
tr|A0A497XPP3|A0A497XPP3_9AQUI 1.1751934 1.4523367 2.7387176 2.4864661 1.4876149 2.2684992 1.5299492 2.0233867 1.6349494 1.7115440 1.3693953 1.4068129 1.3712752 1.3760027 1.2441679 0.0000000 1.2035907 2.2720861 1.1680701 1.1793016 0.9685865 1.3764199 1.9905372 1.3797559 1.1751934 1.5382874 1.9272257 1.5876472 2.1497400 1.4450956 2.0039778 1.7273050 2.2759603 1.5253756 1.6716815 
tr|A0A497XQD2|A0A497XQD2_9AQUI 0.8705106 1.3010711 2.6751993 2.5836681 1.7866302 2.4298546 1.2898832 2.3610973 1.3095569 1.6560071 1.3313211 1.3180877 1.5471264 1.5783188 0.8591684 1.2035907 0.0000000 2.4283812 1.2548524 0.1571672 0.8336208 1.3816206 1.7783832 1.4670403 0.8705106 1.2360198 2.0798796 1.6839631 2.3464790 1.1347285 2.0454871 2.1019690 2.4144188 1.2347086 1.8495073 
tr|Q8YR90|Q8YR90_NOSS1         2.4705571 2.6590617 3.9055263 3.6237817 2.9015000 3.4056523 2.7585607 3.1189496 2.9361718 3.2660360 2.5461395 2.5421929 2.8142812 2.5238083 2.5500874 2.2720861 2.4283812 0.0000000 2.6396024 2.4988583 2.0948138 2.5638086 3.0841692 2.5562243 2.4705571 2.5934157 2.3655880 2.4681152 2.9924266 2.5051677 2.8652473 2.4015631 2.9737795 2.5921955 2.6257554 
tr|O67198|O67198_AQUAE         1.2321720 1.5044566 2.4621640 2.4358121 1.3994512 1.9782520 1.4290854 2.3481271 1.4892240 1.5213038 0.5234187 0.8918747 0.9199697 1.2883466 1.3324833 1.1680701 1.2548524 2.6396024 0.0000000 1.2364218 0.7920517 0.9162026 1.8936956 0.9325321 1.2321720 1.5715547 1.6458948 1.3639851 2.0273346 1.4928490 1.7772199 1.6329157 2.3522544 1.5646750 1.3878380 
tr|O66591|O66591_AQUAE         0.8689278 1.3154374 2.5915919 2.4524156 1.7171879 2.4639160 1.2293772 2.3628829 1.2942696 1.6748158 1.2742141 1.2596707 1.5037287 1.5926179 0.8876947 1.1793016 0.1571672 2.4988583 1.2364218 0.0000000 0.7933224 1.3332806 1.7736002 1.3920148 0.8689278 1.2330237 2.0786465 1.7145658 2.2284894 1.1647141 2.0025144 2.0751588 2.4809645 1.2308119 1.8108982 
tr|O66502|O66502_AQUAE         0.7877217 1.0034993 2.5835202 2.5939937 1.3366843 2.7880893 0.9507071 2.4141844 0.9949528 1.2741298 0.9610741 1.2058292 1.0655251 1.0174060 0.8132954 0.9685865 0.8336208 2.0948138 0.7920517 0.7933224 0.0000000 1.3086438 0.0000010 1.0779656 0.7877217 1.2244130 1.4456425 1.4151812 1.4402685 1.0399461 1.6280383 1.5279242 2.0604082 1.2244130 1.3521358 
tr|O66551|O66551_AQUAE         1.3049134 1.5516278 2.6033970 2.5459885 1.5811818 2.4381295 1.4584149 2.7397368 1.5823496 1.5734462 0.9811175 0.4695458 1.2250455 1.4315685 1.4976833 1.3764199 1.3816206 2.5638086 0.9162026 1.3332806 1.3086438 0.0000000 1.9634847 1.1020230 1.3049134 1.6130873 1.8388379 1.4144730 2.2779670 1.6191370 1.8610418 1.6658472 2.1611646 1.6275573 1.2679966 
tr|O66501|O66501_AQUAE         1.6834416 2.1474454 3.8395189 3.1082904 2.4909365 2.5808378 2.4953655 2.4609807 2.3748031 2.1351297 2.0364992 1.8617159 1.9481543 1.7356063 1.8213863 1.9905372 1.7783832 3.0841692 1.8936956 1.7736002 0.0000010 1.9634847 0.0000000 2.0024674 1.6834416 1.8919132 2.3011270 2.5689456 3.1792742 2.5907088 2.5305094 2.4370169 3.6366234 1.9679535 2.1862580 
tr|O66596|O66596_AQUAE         1.4154292 1.5782049 2.7291203 2.6462291 1.5874511 2.3624441 1.6337517 2.1935038 1.8182327 1.5559634 1.0325284 1.1203338 0.5886652 1.1588895 1.6029865 1.3797559 1.4670403 2.5562243 0.9325321 1.3920148 1.0779656 1.1020230 2.0024674 0.0000000 1.4154292 1.7526473 1.8156441 1.5008945 2.2514936 1.7422601 1.9383249 1.7880121 2.3953976 1.7477750 1.4327288 
tr|O67661|O67661_AQUAE         0.0000010 1.2411060 2.7297216 2.6048989 1.7723601 2.4803185 1.3261352 2.3505162 1.5108408 1.4557560 1.2701190 1.2647952 1.5130752 1.5400054 0.5780795 1.1751934 0.8705106 2.4705571 1.2321720 0.8689278 0.7877217 1.3049134 1.6834416 1.4154292 0.0000000 1.3230832 1.8809759 1.8191570 2.3787722 1.2799831 2.0870061 1.9418992 2.3714599 1.3295288 1.6745593 
sp|D5ARW9|NIFA_RHOCB           1.3230832 1.6925463 2.8160090 2.7771711 1.8049146 2.5657716 1.7033652 2.4753839 1.9051652 2.0414983 1.5936545 1.5871554 1.8543905 1.8116680 1.2892896 1.5382874 1.2360198 2.5934157 1.5715547 1.2330237 1.2244130 1.6130873 1.8919132 1.7526473 1.3230832 0.0000000 2.1178999 1.8330456 2.2257520 1.4916909 2.0519929 2.1279519 2.1052287 0.0200091 1.7892458 
sp|P09432|NTRC_RHOCB           1.8809759 2.1484818 2.5945911 2.5191793 2.0976020 2.9919777 2.1527490 2.5965204 2.3575593 2.4108785 1.6701510 1.7798714 1.8935459 1.7272883 1.9214878 1.9272257 2.0798796 2.3655880 1.6458948 2.0786465 1.4456425 1.8388379 2.3011270 1.8156441 1.8809759 2.1178999 0.0000000 1.7335178 2.1345280 2.0968028 2.0841016 1.5825285 2.5720341 2.1347829 1.6678089 
tr|D5AMR6|D5AMR6_RHOCB         1.8191570 2.0640045 2.6437053 2.4620495 1.8278682 2.7440723 1.8822029 2.7108585 1.7633157 2.0352769 1.4021732 1.3252897 1.4206357 1.5531185 1.8314494 1.5876472 1.6839631 2.4681152 1.3639851 1.7145658 1.4151812 1.4144730 2.5689456 1.5008945 1.8191570 1.8330456 1.7335178 0.0000000 1.8160476 1.7333073 1.8363829 1.8127206 2.0011075 1.8192997 1.4786320 
tr|D5ASJ2|D5ASJ2_RHOCB         2.3787722 2.5442614 3.3049302 3.0464564 1.7377577 3.1154201 2.4132835 2.8956463 2.5369418 2.5341916 1.9539635 2.1467576 2.1285783 2.2699255 2.3266185 2.1497400 2.3464790 2.9924266 2.0273346 2.2284894 1.4402685 2.2779670 3.1792742 2.2514936 2.3787722 2.2257520 2.1345280 1.8160476 0.0000000 2.2613348 2.1688110 2.2245306 2.4800577 2.2229182 2.0042367 
tr|D5ANJ5|D5ANJ5_RHOCB         1.2799831 1.5603908 3.0330302 2.5834094 1.8234565 2.6679685 1.6414410 2.3732250 1.9419266 1.9288409 1.5609998 1.6262916 1.7475259 1.8227424 1.2320348 1.4450956 1.1347285 2.5051677 1.4928490 1.1647141 1.0399461 1.6191370 2.5907088 1.7422601 1.2799831 1.4916909 2.0968028 1.7333073 2.2613348 0.0000000 2.0678942 2.0746929 2.4763555 1.5158348 1.8196778 
tr|D5APH1|D5APH1_RHOCB         2.0870061 2.1943548 2.9401519 2.9257357 2.4160899 3.1653410 2.1102646 3.1736396 2.1901248 2.3415472 1.8055587 1.8556105 1.9626834 1.7671133 1.8756183 2.0039778 2.0454871 2.8652473 1.7772199 2.0025144 1.6280383 1.8610418 2.5305094 1.9383249 2.0870061 2.0519929 2.0841016 1.8363829 2.1688110 2.0678942 0.0000000 1.9513535 2.6846407 2.0340323 1.9539855 
tr|D5AVB4|D5AVB4_RHOCB         1.9418992 2.3821779 2.6358621 2.5292556 2.2951762 2.9872433 1.9948801 2.8286342 2.3565647 2.2344931 1.8130233 1.4717504 1.7013388 1.7949701 2.0173549 1.7273050 2.1019690 2.4015631 1.6329157 2.0751588 1.5279242 1.6658472 2.4370169 1.7880121 1.9418992 2.1279519 1.5825285 1.8127206 2.2245306 2.0746929 1.9513535 0.0000000 1.9615439 2.1507372 1.6037252 
tr|D5AMA7|D5AMA7_RHOCB         2.3714599 2.4709434 3.6326088 3.3872176 2.5967724 3.3478507 2.3124762 3.0078459 2.6658663 2.7913829 2.2860853 2.1998999 2.2467865 2.4990792 2.3229855 2.2759603 2.4144188 2.9737795 2.3522544 2.4809645 2.0604082 2.1611646 3.6366234 2.3953976 2.3714599 2.1052287 2.5720341 2.0011075 2.4800577 2.4763555 2.6846407 1.9615439 0.0000000 2.1088434 2.4135833 
tr|D5ANH8|D5ANH8_RHOCB         1.3295288 1.6997591 2.8365192 2.7735819 1.8265751 2.5606387 1.6953681 2.4812076 1.9078679 2.0455513 1.6035897 1.5946935 1.8354317 1.8046795 1.2733843 1.5253756 1.2347086 2.5921955 1.5646750 1.2308119 1.2244130 1.6275573 1.9679535 1.7477750 1.3295288 0.0200091 2.1347829 1.8192997 2.2229182 1.5158348 2.0340323 2.1507372 2.1088434 0.0000000 1.7975995 
tr|D5AUA6|D5AUA6_RHOCB         1.6745593 1.8595094 2.5745574 2.6760581 1.9347131 2.8499789 1.7800834 2.6852904 1.8581738 1.9791159 1.2821077 1.2508683 1.5331211 1.6028690 1.6689750 1.6716815 1.8495073 2.6257554 1.3878380 1.8108982 1.3521358 1.2679966 2.1862580 1.4327288 1.6745593 1.7892458 1.6678089 1.4786320 2.0042367 1.8196778 1.9539855 1.6037252 2.4135833 1.7975995 0.0000000 
