14
AQUIFEX_01759                  0.0000000 2.7428886 2.5726926 0.8129019 1.1624524 2.6884611 0.2353427 2.2695631 1.0825677 2.6745656 2.4607901 0.0272965 2.2719234 1.2880003 
tr|A0A1D9N142|A0A1D9N142_CLOPA 2.7428886 0.0000000 2.4706790 2.6533703 2.5880894 1.3543704 2.6969328 1.4269755 2.5012683 1.2185217 1.4389050 2.7379103 1.5269272 3.0114748 
tr|A0A1D9MZX3|A0A1D9MZX3_CLOPA 2.5726926 2.4706790 0.0000000 2.7684834 2.8608998 2.5557284 2.6483671 2.4263832 2.5432369 2.3731397 2.3690302 2.5243300 2.3233762 2.9877913 
tr|A0A1D9N710|A0A1D9N710_CLOPA 0.8129019 2.6533703 2.7684834 0.0000000 1.1130083 2.8960981 0.8983631 2.3653554 1.1449915 2.4276814 2.4532964 0.8015243 2.3818000 1.1761566 
tr|Q6J2L8|Q6J2L8_CLOPA         1.1624524 2.5880894 2.8608998 1.1130083 0.0000000 2.8774986 1.1869058 2.4418071 1.0045519 2.6066431 2.7034347 1.1344165 2.5251569 1.2011132 
tr|A0A497XQQ8|A0A497XQQ8_9AQUI 2.6884611 1.3543704 2.5557284 2.8960981 2.8774986 0.0000000 2.6986922 1.6101271 2.4631709 1.5173991 0.6844662 2.6651651 1.5944964 3.0046271 
tr|D7DSI7|D7DSI7_METV3         0.2353427 2.6969328 2.6483671 0.8983631 1.1869058 2.6986922 0.0000000 2.3069952 1.0986971 2.5054362 2.3192162 0.2445050 2.2461953 1.3073932 
tr|D7DS11|D7DS11_METV3         2.2695631 1.4269755 2.4263832 2.3653554 2.4418071 1.6101271 2.3069952 0.0000000 2.1928713 1.8829167 1.6546254 2.2517547 0.3053257 2.5586371 
sp|P20627|NIFB_NOSS1           1.0825677 2.5012683 2.5432369 1.1449915 1.0045519 2.4631709 1.0986971 2.1928713 0.0000000 2.4336107 2.4825163 1.0588905 2.3725402 0.6542504 
sp|Q8YQG6|MOAA_NOSS1           2.6745656 1.2185217 2.3731397 2.4276814 2.6066431 1.5173991 2.5054362 1.8829167 2.4336107 0.0000000 1.6957263 2.6633713 1.8809984 2.9100604 
sp|O67929|MOAA_AQUAE           2.4607901 1.4389050 2.3690302 2.4532964 2.7034347 0.6844662 2.3192162 1.6546254 2.4825163 1.6957263 0.0000000 2.4462173 1.7710759 2.8543934 
tr|Q6LZH0|Q6LZH0_METMP         0.0272965 2.7379103 2.5243300 0.8015243 1.1344165 2.6651651 0.2445050 2.2517547 1.0588905 2.6633713 2.4462173 0.0000000 2.2566442 1.2633492 
sp|Q6LZQ3|MOAA_METMP           2.2719234 1.5269272 2.3233762 2.3818000 2.5251569 1.5944964 2.2461953 0.3053257 2.3725402 1.8809984 1.7710759 2.2566442 0.0000000 2.6157452 
tr|D5ANH7|D5ANH7_RHOCB         1.2880003 3.0114748 2.9877913 1.1761566 1.2011132 3.0046271 1.3073932 2.5586371 0.6542504 2.9100604 2.8543934 1.2633492 2.6157452 0.0000000 
